{
 "cells": [
  {
   "cell_type": "code",
   "execution_count": 1,
   "metadata": {
    "collapsed": true
   },
   "outputs": [],
   "source": [
    "import numpy as np\n",
    "import time\n",
    "import pandas as pd\n",
    "import seaborn as sns\n",
    "import matplotlib.pyplot as plt\n",
    "from sklearn.cluster import k_means\n",
    "from sklearn import preprocessing\n",
    "from sklearn.neighbors import KNeighborsClassifier"
   ]
  },
  {
   "cell_type": "code",
   "execution_count": 2,
   "metadata": {
    "collapsed": true,
    "scrolled": false
   },
   "outputs": [],
   "source": [
    "# dataset = list()\n",
    "# with open ('preprocessing_data_onlyvalue.csv', 'r') as file:\n",
    "#     csv_reader = reader(file)\n",
    "#     for i in csv_reader:\n",
    "#         if not i:\n",
    "#             continue\n",
    "#         dataset.append(i)\n",
    "df = pd.read_csv('preprocessing_data_onlyvalue.csv' )\n",
    "\n",
    "# for row in train_data:\n",
    "#     print(\"////\")\n",
    "#     for col in row:\n",
    "#         print(col)"
   ]
  },
  {
   "cell_type": "code",
   "execution_count": 3,
   "metadata": {},
   "outputs": [
    {
     "data": {
      "text/html": [
       "<div>\n",
       "<style>\n",
       "    .dataframe thead tr:only-child th {\n",
       "        text-align: right;\n",
       "    }\n",
       "\n",
       "    .dataframe thead th {\n",
       "        text-align: left;\n",
       "    }\n",
       "\n",
       "    .dataframe tbody tr th {\n",
       "        vertical-align: top;\n",
       "    }\n",
       "</style>\n",
       "<table border=\"1\" class=\"dataframe\">\n",
       "  <thead>\n",
       "    <tr style=\"text-align: right;\">\n",
       "      <th></th>\n",
       "      <th>id_</th>\n",
       "      <th>per_num</th>\n",
       "      <th>add_time</th>\n",
       "      <th>age</th>\n",
       "      <th>level</th>\n",
       "      <th>country_id</th>\n",
       "      <th>town_id</th>\n",
       "      <th>village_id</th>\n",
       "      <th>income</th>\n",
       "      <th>out_poverty</th>\n",
       "      <th>status</th>\n",
       "    </tr>\n",
       "  </thead>\n",
       "  <tbody>\n",
       "    <tr>\n",
       "      <th>id_</th>\n",
       "      <td>1.000000</td>\n",
       "      <td>0.000547</td>\n",
       "      <td>0.077809</td>\n",
       "      <td>-0.024414</td>\n",
       "      <td>-0.026155</td>\n",
       "      <td>-0.011189</td>\n",
       "      <td>-0.011189</td>\n",
       "      <td>-0.011189</td>\n",
       "      <td>-0.004850</td>\n",
       "      <td>NaN</td>\n",
       "      <td>-0.162384</td>\n",
       "    </tr>\n",
       "    <tr>\n",
       "      <th>per_num</th>\n",
       "      <td>0.000547</td>\n",
       "      <td>1.000000</td>\n",
       "      <td>-0.006284</td>\n",
       "      <td>-0.319069</td>\n",
       "      <td>0.006515</td>\n",
       "      <td>0.142188</td>\n",
       "      <td>0.142188</td>\n",
       "      <td>0.142188</td>\n",
       "      <td>-0.026790</td>\n",
       "      <td>NaN</td>\n",
       "      <td>0.039495</td>\n",
       "    </tr>\n",
       "    <tr>\n",
       "      <th>add_time</th>\n",
       "      <td>0.077809</td>\n",
       "      <td>-0.006284</td>\n",
       "      <td>1.000000</td>\n",
       "      <td>-0.043000</td>\n",
       "      <td>0.047161</td>\n",
       "      <td>0.097289</td>\n",
       "      <td>0.097289</td>\n",
       "      <td>0.097289</td>\n",
       "      <td>-0.023539</td>\n",
       "      <td>NaN</td>\n",
       "      <td>-0.087392</td>\n",
       "    </tr>\n",
       "    <tr>\n",
       "      <th>age</th>\n",
       "      <td>-0.024414</td>\n",
       "      <td>-0.319069</td>\n",
       "      <td>-0.043000</td>\n",
       "      <td>1.000000</td>\n",
       "      <td>0.049603</td>\n",
       "      <td>-0.101335</td>\n",
       "      <td>-0.101335</td>\n",
       "      <td>-0.101335</td>\n",
       "      <td>0.033055</td>\n",
       "      <td>NaN</td>\n",
       "      <td>0.075982</td>\n",
       "    </tr>\n",
       "    <tr>\n",
       "      <th>level</th>\n",
       "      <td>-0.026155</td>\n",
       "      <td>0.006515</td>\n",
       "      <td>0.047161</td>\n",
       "      <td>0.049603</td>\n",
       "      <td>1.000000</td>\n",
       "      <td>0.001356</td>\n",
       "      <td>0.001356</td>\n",
       "      <td>0.001356</td>\n",
       "      <td>-0.099152</td>\n",
       "      <td>NaN</td>\n",
       "      <td>0.090650</td>\n",
       "    </tr>\n",
       "    <tr>\n",
       "      <th>country_id</th>\n",
       "      <td>-0.011189</td>\n",
       "      <td>0.142188</td>\n",
       "      <td>0.097289</td>\n",
       "      <td>-0.101335</td>\n",
       "      <td>0.001356</td>\n",
       "      <td>1.000000</td>\n",
       "      <td>1.000000</td>\n",
       "      <td>1.000000</td>\n",
       "      <td>0.148004</td>\n",
       "      <td>NaN</td>\n",
       "      <td>0.324475</td>\n",
       "    </tr>\n",
       "    <tr>\n",
       "      <th>town_id</th>\n",
       "      <td>-0.011189</td>\n",
       "      <td>0.142188</td>\n",
       "      <td>0.097289</td>\n",
       "      <td>-0.101335</td>\n",
       "      <td>0.001356</td>\n",
       "      <td>1.000000</td>\n",
       "      <td>1.000000</td>\n",
       "      <td>1.000000</td>\n",
       "      <td>0.148004</td>\n",
       "      <td>NaN</td>\n",
       "      <td>0.324475</td>\n",
       "    </tr>\n",
       "    <tr>\n",
       "      <th>village_id</th>\n",
       "      <td>-0.011189</td>\n",
       "      <td>0.142188</td>\n",
       "      <td>0.097289</td>\n",
       "      <td>-0.101335</td>\n",
       "      <td>0.001356</td>\n",
       "      <td>1.000000</td>\n",
       "      <td>1.000000</td>\n",
       "      <td>1.000000</td>\n",
       "      <td>0.148004</td>\n",
       "      <td>NaN</td>\n",
       "      <td>0.324475</td>\n",
       "    </tr>\n",
       "    <tr>\n",
       "      <th>income</th>\n",
       "      <td>-0.004850</td>\n",
       "      <td>-0.026790</td>\n",
       "      <td>-0.023539</td>\n",
       "      <td>0.033055</td>\n",
       "      <td>-0.099152</td>\n",
       "      <td>0.148004</td>\n",
       "      <td>0.148004</td>\n",
       "      <td>0.148004</td>\n",
       "      <td>1.000000</td>\n",
       "      <td>NaN</td>\n",
       "      <td>0.147936</td>\n",
       "    </tr>\n",
       "    <tr>\n",
       "      <th>out_poverty</th>\n",
       "      <td>NaN</td>\n",
       "      <td>NaN</td>\n",
       "      <td>NaN</td>\n",
       "      <td>NaN</td>\n",
       "      <td>NaN</td>\n",
       "      <td>NaN</td>\n",
       "      <td>NaN</td>\n",
       "      <td>NaN</td>\n",
       "      <td>NaN</td>\n",
       "      <td>NaN</td>\n",
       "      <td>NaN</td>\n",
       "    </tr>\n",
       "    <tr>\n",
       "      <th>status</th>\n",
       "      <td>-0.162384</td>\n",
       "      <td>0.039495</td>\n",
       "      <td>-0.087392</td>\n",
       "      <td>0.075982</td>\n",
       "      <td>0.090650</td>\n",
       "      <td>0.324475</td>\n",
       "      <td>0.324475</td>\n",
       "      <td>0.324475</td>\n",
       "      <td>0.147936</td>\n",
       "      <td>NaN</td>\n",
       "      <td>1.000000</td>\n",
       "    </tr>\n",
       "  </tbody>\n",
       "</table>\n",
       "</div>"
      ],
      "text/plain": [
       "                  id_   per_num  add_time       age     level  country_id  \\\n",
       "id_          1.000000  0.000547  0.077809 -0.024414 -0.026155   -0.011189   \n",
       "per_num      0.000547  1.000000 -0.006284 -0.319069  0.006515    0.142188   \n",
       "add_time     0.077809 -0.006284  1.000000 -0.043000  0.047161    0.097289   \n",
       "age         -0.024414 -0.319069 -0.043000  1.000000  0.049603   -0.101335   \n",
       "level       -0.026155  0.006515  0.047161  0.049603  1.000000    0.001356   \n",
       "country_id  -0.011189  0.142188  0.097289 -0.101335  0.001356    1.000000   \n",
       "town_id     -0.011189  0.142188  0.097289 -0.101335  0.001356    1.000000   \n",
       "village_id  -0.011189  0.142188  0.097289 -0.101335  0.001356    1.000000   \n",
       "income      -0.004850 -0.026790 -0.023539  0.033055 -0.099152    0.148004   \n",
       "out_poverty       NaN       NaN       NaN       NaN       NaN         NaN   \n",
       "status      -0.162384  0.039495 -0.087392  0.075982  0.090650    0.324475   \n",
       "\n",
       "              town_id  village_id    income  out_poverty    status  \n",
       "id_         -0.011189   -0.011189 -0.004850          NaN -0.162384  \n",
       "per_num      0.142188    0.142188 -0.026790          NaN  0.039495  \n",
       "add_time     0.097289    0.097289 -0.023539          NaN -0.087392  \n",
       "age         -0.101335   -0.101335  0.033055          NaN  0.075982  \n",
       "level        0.001356    0.001356 -0.099152          NaN  0.090650  \n",
       "country_id   1.000000    1.000000  0.148004          NaN  0.324475  \n",
       "town_id      1.000000    1.000000  0.148004          NaN  0.324475  \n",
       "village_id   1.000000    1.000000  0.148004          NaN  0.324475  \n",
       "income       0.148004    0.148004  1.000000          NaN  0.147936  \n",
       "out_poverty       NaN         NaN       NaN          NaN       NaN  \n",
       "status       0.324475    0.324475  0.147936          NaN  1.000000  "
      ]
     },
     "execution_count": 3,
     "metadata": {},
     "output_type": "execute_result"
    }
   ],
   "source": [
    "train_corr = df.drop('id',axis=1).corr()\n",
    "train_corr"
   ]
  },
  {
   "cell_type": "markdown",
   "metadata": {},
   "source": [
    "# 使用 KNN 算法进行聚类，预测 status 相关性"
   ]
  },
  {
   "cell_type": "code",
   "execution_count": 9,
   "metadata": {},
   "outputs": [
    {
     "name": "stdout",
     "output_type": "stream",
     "text": [
      "data load finished!\n",
      "correct sample: 1189 all sample: 1467 accuracy rate:  0.8104976141785958\n"
     ]
    }
   ],
   "source": [
    "def load_traindata():    \n",
    "    train_data = df.values[0:, 1:]\n",
    "    train_label = df.values[:, 11]\n",
    "    test_data = df.values[0:, 1:]\n",
    "    return train_data, train_label, test_data\n",
    "# def test_label_value():\n",
    "#     test_label = df.values[1500:, 11]\n",
    "#     return test_label\n",
    "def knnClassify(trainData, trainLabel):\n",
    "    knnClf = KNeighborsClassifier(n_neighbors=5)   # default:k = 5,defined by yourself:KNeighborsClassifier(n_neighbors=10)\n",
    "    knnClf.fit(trainData, np.ravel(trainLabel)) # ravel Return a contiguous flattened array.\n",
    "    return knnClf\n",
    "def accuracy(raw, predict):\n",
    "    raw_list = raw.tolist()\n",
    "    predict_list = predict.tolist()\n",
    "    count = 0\n",
    "    for i in range(len(raw_list)):\n",
    "        if raw_list[i] == predict_list[i]:\n",
    "            count = count + 1\n",
    "        else:\n",
    "            pass\n",
    "    print (\"correct sample:\",count, \"all sample:\", \n",
    "           len(raw_list), \"accuracy rate: \", count/len(raw_list))\n",
    "    \n",
    "def main():\n",
    "    init_time = time.time()\n",
    "    trainData, trainLabel, test_data= load_traindata()\n",
    "    print(\"data load finished!\")\n",
    "    knnClf = knnClassify(trainData, trainLabel)\n",
    "    test_label_result = knnClf.predict(test_data)\n",
    "    test_label_raw = df.values[1500:, 11]\n",
    "    accuracy(test_label_raw, test_label_result)\n",
    "#     for item in zip(test_label_result, test_label_raw):\n",
    "#           print(item)\n",
    "main()"
   ]
  },
  {
   "cell_type": "code",
   "execution_count": null,
   "metadata": {
    "collapsed": true
   },
   "outputs": [],
   "source": []
  },
  {
   "cell_type": "code",
   "execution_count": null,
   "metadata": {
    "collapsed": true
   },
   "outputs": [],
   "source": []
  }
 ],
 "metadata": {
  "kernelspec": {
   "display_name": "Python 3",
   "language": "python",
   "name": "python3"
  },
  "language_info": {
   "codemirror_mode": {
    "name": "ipython",
    "version": 3
   },
   "file_extension": ".py",
   "mimetype": "text/x-python",
   "name": "python",
   "nbconvert_exporter": "python",
   "pygments_lexer": "ipython3",
   "version": "3.6.4"
  }
 },
 "nbformat": 4,
 "nbformat_minor": 2
}
